1027554
11636701
11772450
1185007
1188611
1209094
1252480
23445124
23847648
24118396
24304866
24904100
27796094
28662453
29371293
29385329
29390946
29760896
29847449
29850540
29857408
29905821
29945144
300070459
300081469
300097213
300134003
300178842
300208548
300269480
300271791
300406825
300413305
300417040
300923582
300931062
300937858
300941917
300972006
301034207
301092121
301103725
301145333
301220299
301339825
301710929
301975741
301977309
302269242
302373048
302510009
302581817
302710532
303166981
303188231
303197841
30322018
303293471
303300946
303307976
30333238
303491019
303682862
303778363
303967101
303971119
303981102
31408566
31487585
31758306
31821198
32537513
32805411
33060598
33938006
34233566
34236316
34291905
34310645
34792691
35779133
35872079
36133527
40926524
41335821
41837160
42930746
43163766
43176906
43520594
43685715
44004309
4488966
44979849
45028075
45080432
45093975
45121297
45136113
45235167
45419877
45432475
45488181
45523280
45566379
45570204
45623851
45658171
45666143
45682879
45697222
45716126
45732821
45795111
45814581
45849578
46199542
46433342
46907105
46921023
46980108
47015813
47098639
47557313
47656278
47764925
47845811
48228245
48247446
48573054
48598645
48822697
48847890
48947906
49321848
49612951
49635117
49786516
49869620
49950004
49971372
50230438
50535892
51111821
51390012
52037278
54163574
55488864
55505746
55511594
55527414
55542783
55563043
55643776
55847178
56267258
56274589
56305099
56328363
56339712
56342572
56461167
56477606
56502848
56509433
56557408
56567083
56586261
56588353
56660713
56731214
56891319
56928730
56945688
56957852
57035754
57197808
57208661
57244100
57260283
57268854
57294364
57332316
57344454
57352748
57362072
57374397
57397510
57429710
57476946
57505811
57561642
57606650
57664365
57666468
57841086
57876757
57906425
57919730
57956966
57977173
58003389
58013470
58047912
58162448
58193269
58228746
58264221
58409609
58537211
58559268
58697071
58738697
58767742
58897163
58924185
60253907
60548685
60655654
60694880
60734140
60735028
60752878
60770941
60785337
60799981
60825164
60843548
60868161
60990564
61002404
61064421
61122281
61223635
61229570
61254701
61267072
61295369
61303002
61348376
61358141
61361746
61384354
61390513
61407685
61476294
61526834
61618293
61639609
61750985
61765112
61778905
61790380
61814123
61831400
61870588
61880044
61894499
61902544
61908526
61931163
62010350
63141718
63991279
63995654
64062656
64085510
64104710
64222500
64308973
64350980
64362257
64465368
65074517
65279753
65549153
66211844
66255980
66260637
66275220
66284831
66287171
66304446
66367298
66393298
66456776
66514698
66539037
66544150
66560773
66564661
66585881
66611117
66618633
66752536
66821230
66826484
66879095
66887015
66903959
66911144
66951926
67182186
67368782
67377753
67406928
67443543
67452381
67477399
67501818
67511977
67743108
67793723
67903248
6802170
68843733
68901277
69003863
69284065
69412979
69430545
69461399
69465218
69486090
69539398
69553610
69558586
69584325
69602371
69638093
69649484
69686234
69689990
69706155
69720201
69756189
69860118
69964249
69967075
70093230
70099468
70583383
70689376
70906987
70912721
71054014
71074794
72195926
72382746
72389295
72393569
72396621
72421167
72426870
72514065
72523340
72528999
72831333
72996848
73735336
74431256
74937288
74949931
75022004
75026902
75057909
75110500
75133066
75140564
75149750
75156847
75168171
75170966
75188895
75194312
75206168
75214790
75264205
75274907
75281448
75525509
76197504
76212836
76460362
76522343
76607994
77134893
77175769
77188951
77198656
77207609
77212339
77220849
77224402
77230458
77256017
77260289
77264302
77266859
77278989
77305360
77316680
77321923
77337490
77340913
77484412
78075504
78150986
78223778
78232351
78252134
78255330
78361579
78379358
78389499
78450223
78502366
78548728
78552557
78560414
78825090
79176642
79389415
79716504
79791688
79880224
79887542
79917074
79939400
80105302
80800417
81471789
82131809
82266561
82322102
82533437
82534757
82551627
83038207
83064569
83257372
83544688
83572845
83582211
83611402
83614547
83617270
83626872
83641464
83645883
83665829
83670908
83679294
83698564
83732110
83859930
84020647
84208129
84237140
84586322
84611010
84613689
84620104
84631030
84653140
84659007
84665729
84680522
84690835
84697501
84906186
85162937
85656682
86155197
86202919
86813622
86854724
86863413
86875923
86888197
86929782
86939563
86945789
86977160
86984010
86992163
87001907
87005368
87104239
87481849
88081656
88088706
88096099
88185939
88225337
882320
88354258
88625087
88756320
88775516
88785458
88805701
88814861
88822198
88825901
88856434
89456262
89475384
89490945
89514080
89520268
89543960
89549690
89569246
89592941
89597398
89608950
89626048
89663716
89665292
89686846
90164290
90511513
90521771
905238
90524822
90537619
90568558
90605993
90763124
90771690
91010420
917717
91973553
92213672
92236561
92275679
92279905
92386931
92660005
92723107
92742784
92766173
92783535
92797523
92806897
92812134
92819567
92829112
92836512
92848408
92895004
92896030
92904350
92920650
92932390
92934123
92973858
92979827
92997139
93004619
93028356
93032496
93054496
93061180
93066106
93078420
93083757
93090644
93112932
93119319
93124567
93127126
93154571
93169529
93192788
93196612
93200098
93205246
93220284
93227189
93237158
93244983
93253180
93254831
93261406
93264929
93274147
93285688
93292162
93297433
93308507
93311204
93352238
93361166
93386547
93389963
93394906
93398259
93404537
93420693
93428512
93442682
93465149
93488778
93500831
93511400
93520058
93533709
93544818
93547991
93563110
93566877
93658563
93663763
93673937
93677277
93696219
93705401
93736934
93742039
93755072
93776529
93809211
9381131
93829057
93833441
93851845
93856805
93872932
93879121
93894177
93899611
93904450
93908994
93942765
93946333
93951713
93965603
93969369
93982935
93987277
93991237
94014126
94025074
94037827
94233436
94357333
94580575
94686663
94690636
94723747
94727995
948989
95335141
95417851
95549010
95569922
95584512
95677574
96219647
96620021
96664973
96774193
96869771
96873236
96876490
97000728
97014403
97034604
97043434
97051945
97124357
97136472
97168956
97174304
97175941
97187955
97211582
97218972
97224547
97253332
97261073
97275557
97289781
97306340
97320483
97327375
97396284
97426921
97444718
97455670
97480179
97510375
97540615
97601060
97605634
97764607
97825983
97856504
97903361
97921172
98065654
98112119
98187562
98193303
98282628
98335831
98342009
98387583
98395271
98400147
98613369
98638447
98837453
99061491
99505577
99639833
99658157
99684204
99687707
99691862
99693325
99705177
99712873
99722350
99727415
99730946
99737631
99741748
99744408
99766992
99768908
99778635
99781169
99789355
99795344
99800315
99808193
99812703
99817148
99865785
99989963
