1024152
11638276
11773757
1182742
1188236
1209740
1253297
23445276
23845703
24905172
27795548
29386542
29389937
29846101
29850477
29855001
29906537
29943489
300083254
300095505
300133174
300179145
300207376
300265791
300270293
300407916
300416711
300925083
300930273
300935347
300941126
300972737
301037465
301091710
301104117
301145611
301221459
301341165
301709415
301976895
302271429
302372029
302508789
302582135
302710074
303167047
303189000
30323050
303293162
303299733
303306756
30332075
303684766
303778351
303966055
303970760
303980090
31409328
31487774
31820377
32536757
32804165
33061166
33940833
34290887
34309415
34790729
35777661
35871380
40924637
41336082
41836091
42929362
43165037
43178949
43520867
43682472
4489792
44980640
45028401
45080157
45096011
45120240
45135389
45235134
45417386
45432317
45486094
45526029
45565732
45569866
45621380
45654937
45666944
45681108
45696110
45715338
45733902
45796212
45815664
45849125
46201372
46430232
46910159
46983160
47099073
47554284
47657514
47766058
47844505
48228730
48247437
48574129
48598963
48823361
48848344
48946219
49322131
49615665
49635126
49786008
49866904
49949400
49970762
50230729
50536309
51389583
54163433
55489148
55504490
55513032
55527067
55539473
55562424
55644800
55845509
56266612
56274437
56305130
56329975
56339676
56341947
56480432
56503196
56559383
56590893
56662814
56730352
56891596
56957842
57034545
57209090
57244484
57261644
57268523
57293947
57333057
57343639
57353027
57363408
57377587
57399980
57431131
57478119
57504321
57561172
57607804
57661526
57666734
57841413
57875798
57907049
57919473
57958091
57976646
58004332
58014554
58047192
58162481
58195615
58229636
58262749
58411141
58561744
58694653
58738348
58766588
58896948
58922236
60255202
60547347
60697582
60734034
60737213
60755043
60786028
60799971
60844855
60868433
61122023
61223870
61228532
61250739
61267082
61295895
61301119
61348000
61359453
61363118
61385381
61388138
61408077
61477463
61524704
61615952
61636799
61766158
61777837
61790613
61814432
61828595
61868358
61882097
61895271
61901800
61907707
61929910
62012258
63142779
63990217
64085256
64103387
64222528
64308696
64349840
64464191
65075328
65281801
65549038
66211737
66255278
66261657
66274225
66304676
66366480
66392303
66459205
66515107
66559289
66564962
66612080
66619336
66741832
66822572
66826172
66879289
66888285
66903017
66910133
66952480
67183046
67369279
67378160
67405780
67442306
67451567
67477048
67500794
67511947
67743146
67794106
67905186
6800789
68842950
68901717
69002491
69282204
69409980
69431423
69461434
69465247
69486972
69538540
69552882
69584356
69603055
69638416
69649861
69686225
69688957
69705861
69719205
69754760
69857985
69966847
69967439
70091662
70101673
70583020
70689037
70906626
70913079
71055316
71072787
72197166
72387146
72394561
72396951
72418632
72425939
72515087
72523180
72528268
72832398
72994143
73734070
74950301
75022302
75027219
75057211
75109452
75134087
75141402
75150955
75156896
75168512
75171320
75187501
75195477
75203322
75215733
75264356
75272825
75281789
75524425
76211826
76523037
76607382
77134049
77189547
77197628
77207599
77212348
77223172
77225849
77257129
77259297
77263161
77276899
77306333
77315564
77338739
77340608
77483544
78075653
78223700
78232628
78251735
78254789
78380197
78388594
78449913
78505129
78549019
78555214
78559316
79175784
79388267
79717100
79878813
79888360
79916796
80105544
81470979
82550972
83063206
83257823
83544658
83573979
83582647
83612341
83640308
83646821
83668015
83678073
83698853
83859676
84021273
84209502
84236387
84587202
84610543
84613369
84621400
84630664
84653795
84661984
84664811
84691528
84693882
85161824
85656673
86155211
86201170
86816967
86853907
86859978
86888228
86928993
86936715
86946691
86976200
86979845
87000989
87005074
87104987
87479376
88080979
88089715
88187081
88223346
88352450
88622098
88757847
88775936
88782999
88806816
88815472
88820451
88823115
88856122
89457413
89475707
89490384
89513843
89516063
89546206
89549288
89571330
89594090
89597162
89608752
89623257
89662016
89665326
89687647
90166344
90511847
90521392
90526489
90538750
90571312
90605344
90763499
90771133
91009134
913149
91972638
92212804
92236874
92275138
92279289
92385488
92662607
92722409
92744690
92762265
92786920
92795398
92805998
92810988
92819229
92828097
92836136
92844190
92892766
92896779
92906430
92918559
92930500
92936286
92972970
92980783
92996812
93025312
93033287
93052431
93059045
93084939
93119099
93123758
93125843
93155665
93171222
93194126
93199064
93202565
93220264
93225562
93246024
93249501
93255408
93265924
93272618
93284365
93293645
93297424
93309494
93311531
93360650
93390341
93394196
93398507
93405746
93421133
93443735
93462351
93491076
93498606
93512940
93519472
93533381
93542517
93550428
93562866
93566322
93657607
93663031
93673392
93675806
93696495
93706326
93736213
93744130
93753488
93775274
93810325
93828228
93831903
9383529
93853885
93855062
93880481
93894587
93899285
93905880
93908754
93941316
93946405
93952721
93965333
93972785
93983459
93986230
93990168
94013170
94025433
94038555
94232202
94355127
945775
94579936
94687982
94722817
94726751
95334257
95417272
95550541
95568523
95583289
95679422
96217337
96622312
96665498
96873006
96876857
97000293
97016057
97036500
97042643
97055297
97123541
97136121
97166276
97171979
97175910
97185272
97210478
97220079
97225768
97255863
97259901
97276224
97305844
97322355
97325311
97394866
97426888
97445878
97456464
97478132
97509310
97540280
97602018
97605881
97763707
97823778
97858096
97904707
97923656
98063981
98113341
98187929
98192085
98281506
98334784
98338954
98388817
98399704
98614875
98639249
99061021
99505878
99642579
99660188
99688341
99690419
99694748
99706208
99719829
99725458
99734516
99737267
99740023
99745101
99767716
99768258
99776845
99782442
99792861
99796919
99801287
99807116
99813158
99815826
99866304
