11636568
1188481
1208897
23444987
23845987
24905547
29386121
29849625
29906328
29943991
300178864
301145622
302582536
302709325
303188745
30322330
30333006
303967154
303971259
303981272
31408703
33937894
35870951
43517098
43682725
44980075
45028185
45079751
45135917
45566250
45570092
45654256
45666325
45715942
45795332
45814809
45848760
47098847
47657241
48228480
48573273
48849077
49322540
49785553
50230460
50535071
51389261
54165786
55489568
56275690
56731038
56892257
57209468
57244820
57268689
57293403
57332587
57343503
57351933
57429948
57505582
57666747
57841192
57906297
57919562
57976947
58047737
58738456
58897477
60868819
61121791
61228058
61254864
61347662
61384610
61408500
61765354
61814269
61901903
61908314
63141984
64086739
64308684
66260060
66275007
66304804
66393059
66560417
66565390
66611310
66826278
66879202
66903768
67377933
67452189
67477171
67794475
6801740
69430761
69486315
69539265
69638498
69649506
69706800
69719486
69755997
69964481
70583932
70906257
70912841
71072724
72396643
72514290
72528876
72831603
74950314
75022315
75027231
75057675
75133292
75140731
75168281
75171240
75203702
75281802
76522574
77224717
77306017
77316702
77340890
77484213
78075364
78232527
78380530
78449559
78548907
79717470
79888144
79917783
82551497
83573072
83582404
83611129
83646170
83698867
83859954
84236374
84584127
84613502
84633956
84665461
84690998
85162678
86863616
86945987
86976930
87001673
87005062
88080276
88088950
88353118
88755622
88782710
88804875
88814772
88855435
89472849
89489838
89514728
89515988
89549406
89592919
89597249
89609424
90511703
90521579
90763843
90770982
912675
91973314
92213495
92236740
92274610
92278824
92385866
92806709
92828828
92973583
93032717
93124450
93154800
93199907
93245223
93253385
93265144
93273954
93285441
93308715
93311486
93359931
93390689
93394755
93398022
93421556
93518955
93533519
93547453
93566706
93672893
93696506
93736204
93754844
93776292
93896281
93899589
93906693
93942608
93952413
93965581
93969240
94013460
94024180
94233459
945673
95416488
95567788
95679661
96665958
96873381
96877503
97124055
97174420
97187296
97395981
97444954
97455816
97541748
97601247
97605804
97763945
98187943
98387881
99705367
99737462
99739535
99745124
99776484
99807728
99866022
