945670
82551496
57209467
57666748
61765355
72528875
66826277
66560416
57244819
77224718
75171241
75133293
69638499
66275006
64308683
63141985
57268688
6801402
75057674
57976946
56731037
45715941
75203703
72514291
69755996
69539264
67794474
66903767
66393058
61347663
60868818
57293404
45135916
78380529
67452188
66879203
56892256
45814810
61408499
49322539
45795333
72831604
33937893
58047736
78232528
76522575
75281803
69706799
69486316
69430762
67477170
66611311
66565389
66304803
61908313
61814270
61254865
61121792
57919561
57505581
57332588
51389262
30333005
30322331
1188482
77208090
69719487
69465385
77337343
67368249
47098846
75264015
69690119
67182718
61788707
34292198
31487716
75168280
72995095
55503799
24115294
11772614
1183757
80104236
79888143
79879608
79791409
78224208
77306016
77262705
77212079
77135103
76461636
72396642
70912840
70091814
69581598
66821959
66753111
66741324
66368663
66211811
63995695
61387307
61357389
61267035
60800437
60769296
58897478
58194186
58162575
57607286
56558683
50535072
50230459
49970991
49949631
48246144
47657240
45418518
45028184
43162628
45666326
74950315
69553664
66887219
72427085
69558545
66911217
64086738
57396972
57258500
56947271
46907426
45622224
32537132
72392441
69969685
61302008
57198258
47555090
45525178
77340891
77316701
66516807
60549022
83257656
83039409
82270274
81472342
80800370
79389552
78554349
78502520
78389366
78254944
78075363
77277740
77194583
76214474
75215141
75188981
74937250
73736400
72523536
72419527
71052575
70689744
70583931
70104509
69964482
69858826
69686579
69649505
69413037
67904519
67407034
67377932
66619811
66458503
66255855
65548744
65073377
64466628
64350117
64104238
63991438
62011580
61894773
61879871
61869299
61829597
61637782
61616732
61526389
61476686
61297442
61228057
61224190
60843601
60784727
60753011
60733006
58922475
58769179
58695450
58559805
58228776
58013307
57956851
57877128
57662659
57558647
57475007
57378399
57361781
56957904
56662061
56503469
55647628
55538192
55511845
49867882
49635889
48946928
48228479
47763628
47014194
46980238
46200695
45095300
42930983
35778887
34791649
29943990
29848292
29384855
61901902
57906296
45570091
45566249
79717469
78449560
75140732
75027232
61384611
58738455
57351934
28542782
913145
1026274
1208896
11636567
303981271
303967153
303777879
303684129
303971260
54165787
92894885
93003755
48822642
83859955
92834724
88224808
87104243
84684214
9381273
93203825
88184769
83665867
69601030
57841191
56478414
45848761
34307907
29760491
27797628
23444986
93965582
93085646
45698593
45681768
93952412
93904058
93896282
93856982
93696507
93385997
93297467
93292779
93262098
93220323
92797349
92744138
90526544
89570642
89515989
88782709
88775213
86814098
84906881
84620979
84609452
84209184
83640862
83582403
75108788
69461966
67511774
67443689
61363828
60735176
58264568
57036277
56338646
55527892
45432673
35870950
34239048
29391343
93776291
93311487
93285440
93273953
93199906
86863617
83573073
66260061
93754843
90511704
86976929
48849076
44980076
31408704
24903929
23847142
87001672
86945988
49785554
93566705
93518956
93421555
93359932
93265145
92828827
92806708
92236741
89549405
88088951
87005061
83646171
55489567
48573274
45079752
98284280
93191461
98110466
97826612
93060833
93809824
301093222
99816413
98613482
77259706
45121620
41336694
40924833
4489239
301977776
97002155
95567789
93659847
89543807
89489839
87482253
32806753
92278825
99690247
97307331
97175823
303306559
303300818
303293860
303197942
303188744
302510894
302372566
302269170
301975052
301339615
301219066
301102425
301036634
300976635
300941598
300936102
300929985
300923706
300417682
300408887
300403566
300270841
300267940
300267938
300208374
300178863
300133742
300095192
300082576
300070495
99812328
99799665
99796058
99792299
99783156
99768953
99739534
99720620
99712798
99693221
99688514
99659439
99641672
99505286
99059292
98637525
98400526
98339638
98335910
98192969
98064830
97922880
97856553
97541747
97510543
97479644
97426797
97321649
97260712
97253148
97224944
97218501
97211720
97174421
97167176
97137500
97055068
97044598
97035830
97014700
96873382
96619840
96218339
95679662
95584617
95548660
94728205
94690598
94580663
94233458
94024181
94013461
93991384
93987378
93982775
93942607
93899590
93878714
93873206
93852230
93833003
93829328
93744439
93707383
93677039
93663413
93562353
93547452
93545133
93512140
93499353
93490162
93463183
93441530
93402593
93398021
93390688
93351347
93255865
93225937
93169171
93128344
93053163
93028919
92993365
92979416
92819901
92812085
92723726
92661677
90568770
90535980
90165249
89685393
89665417
89626267
89609423
89592920
89514727
89456063
88823934
88822101
88755621
88624512
88095667
86991800
86982775
86935849
86929562
86875653
86854170
86155653
85656740
85162677
84661721
84652161
84613501
84021066
83681324
83668947
83625930
83618428
83615492
83545196
83063864
79938851
79917782
78251828
77220522
77189090
76608092
75525271
75194618
75157700
75153983
72389456
72193815
69003773
68900108
68840660
67743505
67501909
66950777
66585922
64222700
61930227
61779080
60255062
58409453
58003146
56589930
56342130
56328563
56306342
56275691
56266793
55846306
51111870
49613292
48600339
47845267
46431431
45734252
45486851
43682726
41837761
34231930
33060832
29857903
97605805
97124054
96665957
95416489
93736203
93032718
90770983
88804876
88353117
88080277
83698868
301145623
98187944
93154801
92274611
57429949
29903476
29849670
7333113
97395980
92213494
99807727
302709326
302582535
99866023
99776485
99745123
99737461
99705368
98387882
97763944
97601248
97455817
97444955
97187297
96877502
93969239
93906692
93672894
93533518
93394754
93308716
93253386
93245224
93124449
92973582
92385865
91973313
90763842
90521578
89597248
89472850
88855436
88814773
84690999
84665460
84633957
84584128
84236375
83611128
78548908
77484212
75022316
71072725
70906258
57343504
45654257
43517097
303491350
