1026274
11636567
11772614
1183757
1188482
1208896
23444986
23847142
24115294
24903929
27797628
28542782
29384855
29391343
29760491
29848292
29849670
29857903
29903476
29943990
300070495
300082576
300095192
300133742
300178863
300208374
300267938
300267940
300270841
300403566
300408887
300417682
300923706
300929985
300936102
300941598
300976635
301036634
301093222
301102425
301145623
301219066
301339615
301975052
301977776
302269170
302372566
302510894
302582535
302709326
303188744
303197942
30322331
303293860
303300818
303306559
30333005
303491350
303684129
303777879
303967153
303971260
303981271
31408704
31487716
32537132
32806753
33060832
33937893
34231930
34239048
34292198
34307907
34791649
35778887
35870950
40924833
41336694
41837761
42930983
43162628
43517097
43682726
4489239
44980076
45028184
45079752
45095300
45121620
45135916
45418518
45432673
45486851
45525178
45566249
45570091
45622224
45654257
45666326
45681768
45698593
45715941
45734252
45795333
45814810
45848761
46200695
46431431
46907426
46980238
47014194
47098846
47555090
47657240
47763628
47845267
48228479
48246144
48573274
48600339
48822642
48849076
48946928
49322539
49613292
49635889
49785554
49867882
49949631
49970991
50230459
50535072
51111870
51389262
54165787
55489567
55503799
55511845
55527892
55538192
55647628
55846306
56266793
56275691
56306342
56328563
56338646
56342130
56478414
56503469
56558683
56589930
56662061
56731037
56892256
56947271
56957904
57036277
57198258
57209467
57244819
57258500
57268688
57293404
57332588
57343504
57351934
57361781
57378399
57396972
57429949
57475007
57505581
57558647
57607286
57662659
57666748
57841191
57877128
57906296
57919561
57956851
57976946
58003146
58013307
58047736
58162575
58194186
58228776
58264568
58409453
58559805
58695450
58738455
58769179
58897478
58922475
60255062
60549022
60733006
60735176
60753011
60769296
60784727
60800437
60843601
60868818
61121792
61224190
61228057
61254865
61267035
61297442
61302008
61347663
61357389
61363828
61384611
61387307
61408499
61476686
61526389
61616732
61637782
61765355
61779080
61788707
61814270
61829597
61869299
61879871
61894773
61901902
61908313
61930227
62011580
63141985
63991438
63995695
64086738
64104238
64222700
64308683
64350117
64466628
65073377
65548744
66211811
66255855
66260061
66275006
66304803
66368663
66393058
66458503
66516807
66560416
66565389
66585922
66611311
66619811
66741324
66753111
66821959
66826277
66879203
66887219
66903767
66911217
66950777
67182718
67368249
67377932
67407034
67443689
67452188
67477170
67501909
67511774
67743505
67794474
67904519
6801402
68840660
68900108
69003773
69413037
69430762
69461966
69465385
69486316
69539264
69553664
69558545
69581598
69601030
69638499
69649505
69686579
69690119
69706799
69719487
69755996
69858826
69964482
69969685
70091814
70104509
70583931
70689744
70906258
70912840
71052575
71072725
72193815
72389456
72392441
72396642
72419527
72427085
72514291
72523536
72528875
72831604
72995095
7333113
73736400
74937250
74950315
75022316
75027232
75057674
75108788
75133293
75140732
75153983
75157700
75168280
75171241
75188981
75194618
75203703
75215141
75264015
75281803
75525271
76214474
76461636
76522575
76608092
77135103
77189090
77194583
77208090
77212079
77220522
77224718
77259706
77262705
77277740
77306016
77316701
77337343
77340891
77484212
78075363
78224208
78232528
78251828
78254944
78380529
78389366
78449560
78502520
78548908
78554349
79389552
79717469
79791409
79879608
79888143
79917782
79938851
80104236
80800370
81472342
82270274
82551496
83039409
83063864
83257656
83545196
83573073
83582403
83611128
83615492
83618428
83625930
83640862
83646171
83665867
83668947
83681324
83698868
83859955
84021066
84209184
84236375
84584128
84609452
84613501
84620979
84633957
84652161
84661721
84665460
84684214
84690999
84906881
85162677
85656740
86155653
86814098
86854170
86863617
86875653
86929562
86935849
86945988
86976929
86982775
86991800
87001672
87005061
87104243
87482253
88080277
88088951
88095667
88184769
88224808
88353117
88624512
88755621
88775213
88782709
88804876
88814773
88822101
88823934
88855436
89456063
89472850
89489839
89514727
89515989
89543807
89549405
89570642
89592920
89597248
89609423
89626267
89665417
89685393
90165249
90511704
90521578
90526544
90535980
90568770
90763842
90770983
913145
91973313
92213494
92236741
92274611
92278825
92385865
92661677
92723726
92744138
92797349
92806708
92812085
92819901
92828827
92834724
92894885
92973582
92979416
92993365
93003755
93028919
93032718
93053163
93060833
93085646
93124449
93128344
93154801
93169171
93191461
93199906
93203825
93220323
93225937
93245224
93253386
93255865
93262098
93265145
93273953
93285440
93292779
93297467
93308716
93311487
93351347
93359932
93385997
93390688
93394754
93398021
93402593
93421555
93441530
93463183
93490162
93499353
93512140
93518956
93533518
93545133
93547452
93562353
93566705
93659847
93663413
93672894
93677039
93696507
93707383
93736203
93744439
93754843
93776291
93809824
9381273
93829328
93833003
93852230
93856982
93873206
93878714
93896282
93899590
93904058
93906692
93942607
93952412
93965582
93969239
93982775
93987378
93991384
94013461
94024181
94233458
945670
94580663
94690598
94728205
95416489
95548660
95567789
95584617
95679662
96218339
96619840
96665957
96873382
96877502
97002155
97014700
97035830
97044598
97055068
97124054
97137500
97167176
97174421
97175823
97187297
97211720
97218501
97224944
97253148
97260712
97307331
97321649
97395980
97426797
97444955
97455817
97479644
97510543
97541747
97601248
97605805
97763944
97826612
97856553
97922880
98064830
98110466
98187944
98192969
98284280
98335910
98339638
98387882
98400526
98613482
98637525
99059292
99505286
99641672
99659439
99688514
99690247
99693221
99705368
99712798
99720620
99737461
99739534
99745123
99768953
99776485
99783156
99792299
99796058
99799665
99807727
99812328
99816413
99866023
