11772613
1188483
23444985
23843950
24902321
29384856
29850050
29906570
29942303
300133741
300178862
300270842
301145624
301339616
302582534
302709327
303188743
30322332
30333004
303777880
303967152
303971261
303981270
31408705
31487715
33937892
34292627
35870949
41837760
43517096
43682727
4489240
44980077
45028183
45079753
45135915
45566248
45570090
45654258
45666327
45715940
45795334
45814811
45848762
47098845
47657239
47845268
48228478
48246143
48573275
48600338
48822641
48849075
49322538
49635890
49785555
50230458
50535073
51389263
54165788
55489566
56275692
56731036
56892255
56957905
57209466
57244818
57268687
57293405
57332589
57343505
57351935
57429950
57505580
57666749
57841190
57906295
57919560
57976945
58047735
58738454
58897479
58922474
60733005
60784728
60800436
60843602
60868817
61121793
61228056
61254866
61267034
61297443
61347664
61384612
61408498
61765356
61814271
61901901
61908312
63141986
64086737
64308682
65548745
66255856
66260062
66275005
66304802
66393057
66560415
66565388
66611312
66619812
66826276
66879204
66903766
66950778
67182717
67368250
67377931
67443688
67452187
67477169
67794473
6801409
69410550
69430763
69486317
69539263
69553665
69638500
69649504
69686580
69706798
69719488
69755995
69964483
70583930
70906259
70912839
71072726
72396641
72514292
72528874
72831605
7333112
74950316
75022317
75027233
75057673
75133294
75140733
75168279
75171242
75188980
75203704
75281804
76522576
77208089
77212078
77224719
77262706
77306015
77316700
77340892
77484211
78075362
78224209
78232529
78380528
78449561
78548909
79717468
79879609
79888142
79917781
82551495
83257655
83545195
83573074
83582402
83611127
83646172
83698869
83859956
84236376
84584129
84613500
84633958
84665459
84691000
85162676
85656741
86155652
86854171
86863618
86945989
86976928
87001671
87005060
88080278
88088952
88353116
88624513
88755620
88782708
88804877
88814774
88855437
89472851
89489840
89514726
89515990
89549404
89592921
89597247
89609422
90511705
90521577
90568769
90763841
90770984
913380
91973312
92213493
92236742
92274612
92278826
92385864
92723725
92744137
92806707
92812084
92828826
92973581
93032719
93124448
93154802
93199905
93220324
93225936
93245225
93253387
93265146
93273952
93285439
93297468
93308717
93311488
93359933
93390687
93394753
93398020
93421554
93518957
93533517
93547451
93566704
93672895
93696508
93736202
93754842
93776290
93809823
93896283
93899591
93906691
93942606
93952411
93965583
93969238
94013462
94024182
94233457
945665
94728204
95416490
95567790
95679663
96665956
96873383
96877501
97124053
97137501
97174422
97187298
97218502
97395979
97444956
97455818
97541746
97601249
97605806
97763943
97856554
98187945
98387883
99705369
99737460
99739533
99745122
99768954
99776486
99799666
99807726
99812327
99866024
